TEMP = 950.0
C0   = 0.33333333333 0.33333333333
NINI = 0
NITR = 1000001
NOUT = 1000
LREJ = 10000
NELM = 3
element Ni Co Cr
NDBS = 5000
